3.400000000000000244e-01 1.000000000000000021e-02 9.899999999999999911e-01
3.400000000000000244e-01 -0.000000000000000000e+00 9.899999999999999911e-01
3.400000000000000244e-01 -1.000000000000000021e-02 9.899999999999999911e-01
3.400000000000000244e-01 -2.999999999999999889e-02 9.699999999999999734e-01
3.599999999999999867e-01 -4.000000000000000083e-02 9.799999999999999822e-01
3.499999999999999778e-01 -8.000000000000000167e-02 9.899999999999999911e-01
3.499999999999999778e-01 -5.000000000000000278e-02 9.599999999999999645e-01
3.400000000000000244e-01 -5.999999999999999778e-02 9.899999999999999911e-01
3.400000000000000244e-01 -5.999999999999999778e-02 9.799999999999999822e-01
3.499999999999999778e-01 -7.000000000000000666e-02 1.000000000000000000e+00
3.400000000000000244e-01 -8.000000000000000167e-02 1.000000000000000000e+00
3.400000000000000244e-01 -5.999999999999999778e-02 9.799999999999999822e-01
3.300000000000000155e-01 -5.000000000000000278e-02 9.599999999999999645e-01
3.200000000000000067e-01 -5.000000000000000278e-02 9.899999999999999911e-01
3.200000000000000067e-01 -8.000000000000000167e-02 1.030000000000000027e+00
3.200000000000000067e-01 -5.999999999999999778e-02 1.010000000000000009e+00
3.200000000000000067e-01 -4.000000000000000083e-02 9.699999999999999734e-01
3.200000000000000067e-01 -5.000000000000000278e-02 9.799999999999999822e-01
3.200000000000000067e-01 -7.000000000000000666e-02 1.010000000000000009e+00
3.200000000000000067e-01 -7.000000000000000666e-02 1.030000000000000027e+00
3.200000000000000067e-01 -4.000000000000000083e-02 1.000000000000000000e+00
3.200000000000000067e-01 -5.000000000000000278e-02 9.799999999999999822e-01
3.099999999999999978e-01 -8.000000000000000167e-02 1.000000000000000000e+00
3.200000000000000067e-01 -7.000000000000000666e-02 1.010000000000000009e+00
3.099999999999999978e-01 -7.000000000000000666e-02 1.020000000000000018e+00
2.999999999999999889e-01 -8.000000000000000167e-02 1.040000000000000036e+00
2.999999999999999889e-01 -8.000000000000000167e-02 1.020000000000000018e+00
3.099999999999999978e-01 -8.000000000000000167e-02 9.799999999999999822e-01
3.099999999999999978e-01 -8.999999999999999667e-02 1.000000000000000000e+00
3.200000000000000067e-01 -8.999999999999999667e-02 1.000000000000000000e+00
3.200000000000000067e-01 -8.000000000000000167e-02 1.010000000000000009e+00
3.200000000000000067e-01 -8.000000000000000167e-02 1.000000000000000000e+00
3.099999999999999978e-01 -8.000000000000000167e-02 1.000000000000000000e+00
3.099999999999999978e-01 -5.999999999999999778e-02 1.000000000000000000e+00
3.099999999999999978e-01 -5.000000000000000278e-02 9.899999999999999911e-01
3.099999999999999978e-01 -7.000000000000000666e-02 9.899999999999999911e-01
3.200000000000000067e-01 -5.999999999999999778e-02 9.899999999999999911e-01
3.200000000000000067e-01 -8.000000000000000167e-02 9.899999999999999911e-01
3.099999999999999978e-01 -8.000000000000000167e-02 1.010000000000000009e+00
3.099999999999999978e-01 -7.000000000000000666e-02 1.020000000000000018e+00
3.200000000000000067e-01 -7.000000000000000666e-02 1.000000000000000000e+00
3.200000000000000067e-01 -5.000000000000000278e-02 9.799999999999999822e-01
3.200000000000000067e-01 -8.000000000000000167e-02 9.799999999999999822e-01
3.200000000000000067e-01 -1.100000000000000006e-01 1.010000000000000009e+00
3.200000000000000067e-01 -8.000000000000000167e-02 1.010000000000000009e+00
3.200000000000000067e-01 -5.000000000000000278e-02 1.000000000000000000e+00
3.200000000000000067e-01 -5.000000000000000278e-02 9.899999999999999911e-01
3.300000000000000155e-01 -8.000000000000000167e-02 9.899999999999999911e-01
3.300000000000000155e-01 -1.100000000000000006e-01 1.020000000000000018e+00
3.200000000000000067e-01 -8.000000000000000167e-02 1.000000000000000000e+00
3.099999999999999978e-01 -5.000000000000000278e-02 9.899999999999999911e-01
3.099999999999999978e-01 -7.000000000000000666e-02 1.030000000000000027e+00
3.200000000000000067e-01 -7.000000000000000666e-02 9.899999999999999911e-01
3.300000000000000155e-01 -7.000000000000000666e-02 1.000000000000000000e+00
3.300000000000000155e-01 -8.000000000000000167e-02 9.699999999999999734e-01
3.300000000000000155e-01 -8.000000000000000167e-02 9.799999999999999822e-01
3.300000000000000155e-01 -5.000000000000000278e-02 9.899999999999999911e-01
