5.000000000000000000e-01 -1.400000000000000133e-01 8.800000000000000044e-01
5.000000000000000000e-01 -1.499999999999999944e-01 9.399999999999999467e-01
5.000000000000000000e-01 -1.300000000000000044e-01 9.000000000000000222e-01
5.100000000000000089e-01 -1.300000000000000044e-01 9.100000000000000311e-01
5.100000000000000089e-01 -1.499999999999999944e-01 8.699999999999999956e-01
4.899999999999999911e-01 -1.400000000000000133e-01 8.800000000000000044e-01
4.899999999999999911e-01 -1.400000000000000133e-01 9.000000000000000222e-01
4.899999999999999911e-01 -1.400000000000000133e-01 9.300000000000000488e-01
4.899999999999999911e-01 -1.300000000000000044e-01 9.399999999999999467e-01
4.899999999999999911e-01 -1.300000000000000044e-01 9.000000000000000222e-01
5.000000000000000000e-01 -1.700000000000000122e-01 8.800000000000000044e-01
4.899999999999999911e-01 -1.700000000000000122e-01 9.100000000000000311e-01
4.899999999999999911e-01 -1.400000000000000133e-01 9.200000000000000400e-01
4.899999999999999911e-01 -1.499999999999999944e-01 9.100000000000000311e-01
4.899999999999999911e-01 -1.400000000000000133e-01 9.100000000000000311e-01
4.899999999999999911e-01 -1.600000000000000033e-01 8.900000000000000133e-01
4.899999999999999911e-01 -1.499999999999999944e-01 9.000000000000000222e-01
4.899999999999999911e-01 -1.400000000000000133e-01 8.900000000000000133e-01
4.899999999999999911e-01 -1.499999999999999944e-01 9.200000000000000400e-01
4.699999999999999734e-01 -1.400000000000000133e-01 9.000000000000000222e-01
4.500000000000000111e-01 -1.000000000000000056e-01 9.300000000000000488e-01
4.400000000000000022e-01 -8.999999999999999667e-02 9.699999999999999734e-01
4.400000000000000022e-01 -8.000000000000000167e-02 9.499999999999999556e-01
4.500000000000000111e-01 -1.199999999999999956e-01 9.499999999999999556e-01
4.299999999999999933e-01 -1.199999999999999956e-01 9.399999999999999467e-01
4.099999999999999756e-01 -7.000000000000000666e-02 9.599999999999999645e-01
4.099999999999999756e-01 -2.999999999999999889e-02 9.599999999999999645e-01
4.099999999999999756e-01 -8.999999999999999667e-02 1.000000000000000000e+00
4.099999999999999756e-01 -8.999999999999999667e-02 9.799999999999999822e-01
4.199999999999999845e-01 -8.999999999999999667e-02 9.399999999999999467e-01
4.199999999999999845e-01 -1.100000000000000006e-01 9.399999999999999467e-01
4.199999999999999845e-01 -8.999999999999999667e-02 9.499999999999999556e-01
4.099999999999999756e-01 -8.000000000000000167e-02 9.699999999999999734e-01
4.199999999999999845e-01 -8.000000000000000167e-02 9.599999999999999645e-01
4.199999999999999845e-01 -5.999999999999999778e-02 9.200000000000000400e-01
4.099999999999999756e-01 -8.000000000000000167e-02 9.499999999999999556e-01
4.099999999999999756e-01 -1.000000000000000056e-01 9.499999999999999556e-01
4.000000000000000222e-01 -7.000000000000000666e-02 9.699999999999999734e-01
4.000000000000000222e-01 -5.999999999999999778e-02 9.899999999999999911e-01
4.099999999999999756e-01 -8.000000000000000167e-02 9.599999999999999645e-01
4.000000000000000222e-01 -7.000000000000000666e-02 9.499999999999999556e-01
4.000000000000000222e-01 -7.000000000000000666e-02 9.499999999999999556e-01
3.800000000000000044e-01 -4.000000000000000083e-02 1.000000000000000000e+00
3.800000000000000044e-01 -2.000000000000000042e-02 9.899999999999999911e-01
3.699999999999999956e-01 -2.000000000000000042e-02 9.899999999999999911e-01
3.800000000000000044e-01 -2.999999999999999889e-02 9.699999999999999734e-01
3.699999999999999956e-01 -4.000000000000000083e-02 9.799999999999999822e-01
3.599999999999999867e-01 -2.000000000000000042e-02 1.000000000000000000e+00
3.599999999999999867e-01 -2.000000000000000042e-02 1.000000000000000000e+00
3.699999999999999956e-01 -2.999999999999999889e-02 9.799999999999999822e-01
3.599999999999999867e-01 -2.000000000000000042e-02 9.799999999999999822e-01
3.499999999999999778e-01 -0.000000000000000000e+00 9.899999999999999911e-01
3.499999999999999778e-01 -4.000000000000000083e-02 1.020000000000000018e+00
3.599999999999999867e-01 -2.000000000000000042e-02 9.899999999999999911e-01
3.599999999999999867e-01 -2.000000000000000042e-02 9.799999999999999822e-01
3.599999999999999867e-01 -4.000000000000000083e-02 9.699999999999999734e-01
