4.600000000000000200e-01 -2.000000000000000111e-01 9.100000000000000311e-01
4.600000000000000200e-01 -1.900000000000000022e-01 9.100000000000000311e-01
4.699999999999999734e-01 -1.900000000000000022e-01 9.100000000000000311e-01
4.699999999999999734e-01 -1.900000000000000022e-01 9.000000000000000222e-01
4.699999999999999734e-01 -2.300000000000000100e-01 9.300000000000000488e-01
4.799999999999999822e-01 -1.900000000000000022e-01 9.200000000000000400e-01
4.699999999999999734e-01 -1.900000000000000022e-01 9.399999999999999467e-01
4.799999999999999822e-01 -1.700000000000000122e-01 9.000000000000000222e-01
4.699999999999999734e-01 -2.000000000000000111e-01 8.900000000000000133e-01
4.699999999999999734e-01 -1.900000000000000022e-01 9.000000000000000222e-01
4.699999999999999734e-01 -2.000000000000000111e-01 9.200000000000000400e-01
4.600000000000000200e-01 -2.099999999999999922e-01 9.399999999999999467e-01
4.699999999999999734e-01 -1.799999999999999933e-01 9.200000000000000400e-01
4.699999999999999734e-01 -1.900000000000000022e-01 9.200000000000000400e-01
4.699999999999999734e-01 -2.099999999999999922e-01 9.000000000000000222e-01
4.799999999999999822e-01 -2.000000000000000111e-01 9.100000000000000311e-01
4.799999999999999822e-01 -2.099999999999999922e-01 9.200000000000000400e-01
4.699999999999999734e-01 -2.000000000000000111e-01 9.100000000000000311e-01
4.799999999999999822e-01 -1.900000000000000022e-01 9.000000000000000222e-01
4.799999999999999822e-01 -1.900000000000000022e-01 9.000000000000000222e-01
4.799999999999999822e-01 -1.700000000000000122e-01 8.900000000000000133e-01
4.899999999999999911e-01 -2.000000000000000111e-01 9.200000000000000400e-01
4.899999999999999911e-01 -2.000000000000000111e-01 9.000000000000000222e-01
4.799999999999999822e-01 -1.900000000000000022e-01 9.000000000000000222e-01
4.799999999999999822e-01 -1.700000000000000122e-01 9.100000000000000311e-01
4.899999999999999911e-01 -1.600000000000000033e-01 9.000000000000000222e-01
4.799999999999999822e-01 -2.000000000000000111e-01 9.100000000000000311e-01
4.899999999999999911e-01 -2.000000000000000111e-01 9.000000000000000222e-01
4.799999999999999822e-01 -2.000000000000000111e-01 9.200000000000000400e-01
4.799999999999999822e-01 -1.900000000000000022e-01 9.300000000000000488e-01
4.699999999999999734e-01 -1.900000000000000022e-01 9.000000000000000222e-01
4.699999999999999734e-01 -1.700000000000000122e-01 9.100000000000000311e-01
4.899999999999999911e-01 -1.900000000000000022e-01 9.200000000000000400e-01
4.899999999999999911e-01 -1.799999999999999933e-01 9.000000000000000222e-01
4.899999999999999911e-01 -2.000000000000000111e-01 9.200000000000000400e-01
4.899999999999999911e-01 -1.700000000000000122e-01 9.000000000000000222e-01
4.799999999999999822e-01 -2.099999999999999922e-01 9.100000000000000311e-01
4.899999999999999911e-01 -1.799999999999999933e-01 9.000000000000000222e-01
4.799999999999999822e-01 -1.799999999999999933e-01 9.300000000000000488e-01
4.799999999999999822e-01 -1.700000000000000122e-01 9.000000000000000222e-01
4.899999999999999911e-01 -1.700000000000000122e-01 9.100000000000000311e-01
4.799999999999999822e-01 -1.799999999999999933e-01 9.200000000000000400e-01
4.799999999999999822e-01 -1.799999999999999933e-01 9.200000000000000400e-01
4.799999999999999822e-01 -1.499999999999999944e-01 9.100000000000000311e-01
4.699999999999999734e-01 -1.700000000000000122e-01 9.100000000000000311e-01
4.799999999999999822e-01 -1.799999999999999933e-01 9.100000000000000311e-01
4.899999999999999911e-01 -1.700000000000000122e-01 9.100000000000000311e-01
4.799999999999999822e-01 -2.000000000000000111e-01 9.200000000000000400e-01
4.799999999999999822e-01 -1.799999999999999933e-01 9.100000000000000311e-01
4.799999999999999822e-01 -1.700000000000000122e-01 9.100000000000000311e-01
4.899999999999999911e-01 -1.900000000000000022e-01 9.100000000000000311e-01
4.899999999999999911e-01 -1.600000000000000033e-01 9.000000000000000222e-01
4.799999999999999822e-01 -1.600000000000000033e-01 9.100000000000000311e-01
4.799999999999999822e-01 -1.900000000000000022e-01 9.300000000000000488e-01
4.799999999999999822e-01 -1.799999999999999933e-01 9.200000000000000400e-01
4.699999999999999734e-01 -1.799999999999999933e-01 9.100000000000000311e-01
4.799999999999999822e-01 -1.700000000000000122e-01 9.100000000000000311e-01
