5.999999999999999778e-02 -4.899999999999999911e-01 9.399999999999999467e-01
5.999999999999999778e-02 -4.600000000000000200e-01 9.300000000000000488e-01
5.999999999999999778e-02 -4.699999999999999734e-01 9.300000000000000488e-01
5.999999999999999778e-02 -4.899999999999999911e-01 9.300000000000000488e-01
5.999999999999999778e-02 -4.500000000000000111e-01 9.300000000000000488e-01
5.999999999999999778e-02 -4.400000000000000022e-01 9.399999999999999467e-01
7.000000000000000666e-02 -4.699999999999999734e-01 9.200000000000000400e-01
5.999999999999999778e-02 -4.699999999999999734e-01 9.300000000000000488e-01
5.999999999999999778e-02 -4.799999999999999822e-01 9.399999999999999467e-01
5.000000000000000278e-02 -4.799999999999999822e-01 9.100000000000000311e-01
5.999999999999999778e-02 -4.699999999999999734e-01 9.399999999999999467e-01
5.999999999999999778e-02 -4.899999999999999911e-01 9.300000000000000488e-01
5.999999999999999778e-02 -4.799999999999999822e-01 9.200000000000000400e-01
5.999999999999999778e-02 -4.600000000000000200e-01 9.200000000000000400e-01
7.000000000000000666e-02 -4.899999999999999911e-01 9.300000000000000488e-01
5.999999999999999778e-02 -4.799999999999999822e-01 9.399999999999999467e-01
5.999999999999999778e-02 -4.799999999999999822e-01 9.100000000000000311e-01
5.999999999999999778e-02 -4.699999999999999734e-01 9.300000000000000488e-01
5.999999999999999778e-02 -4.600000000000000200e-01 9.200000000000000400e-01
5.999999999999999778e-02 -4.600000000000000200e-01 9.100000000000000311e-01
5.999999999999999778e-02 -4.799999999999999822e-01 9.100000000000000311e-01
5.999999999999999778e-02 -4.600000000000000200e-01 9.300000000000000488e-01
7.000000000000000666e-02 -4.600000000000000200e-01 9.399999999999999467e-01
5.999999999999999778e-02 -4.699999999999999734e-01 9.300000000000000488e-01
5.999999999999999778e-02 -4.699999999999999734e-01 9.399999999999999467e-01
5.000000000000000278e-02 -4.500000000000000111e-01 9.499999999999999556e-01
5.000000000000000278e-02 -4.799999999999999822e-01 9.499999999999999556e-01
5.000000000000000278e-02 -4.799999999999999822e-01 9.499999999999999556e-01
5.000000000000000278e-02 -4.799999999999999822e-01 9.300000000000000488e-01
5.999999999999999778e-02 -4.699999999999999734e-01 9.399999999999999467e-01
5.000000000000000278e-02 -4.799999999999999822e-01 9.599999999999999645e-01
5.000000000000000278e-02 -4.899999999999999911e-01 9.499999999999999556e-01
5.000000000000000278e-02 -4.699999999999999734e-01 9.300000000000000488e-01
5.000000000000000278e-02 -4.799999999999999822e-01 9.300000000000000488e-01
5.000000000000000278e-02 -4.899999999999999911e-01 9.300000000000000488e-01
5.000000000000000278e-02 -4.799999999999999822e-01 9.399999999999999467e-01
5.000000000000000278e-02 -4.699999999999999734e-01 9.399999999999999467e-01
5.999999999999999778e-02 -4.799999999999999822e-01 9.200000000000000400e-01
5.999999999999999778e-02 -4.699999999999999734e-01 9.200000000000000400e-01
5.999999999999999778e-02 -4.699999999999999734e-01 9.100000000000000311e-01
5.999999999999999778e-02 -4.600000000000000200e-01 9.300000000000000488e-01
5.999999999999999778e-02 -4.600000000000000200e-01 9.399999999999999467e-01
5.000000000000000278e-02 -4.600000000000000200e-01 9.399999999999999467e-01
5.000000000000000278e-02 -4.500000000000000111e-01 9.499999999999999556e-01
5.000000000000000278e-02 -4.899999999999999911e-01 9.200000000000000400e-01
5.999999999999999778e-02 -4.699999999999999734e-01 9.100000000000000311e-01
5.999999999999999778e-02 -4.699999999999999734e-01 9.300000000000000488e-01
5.999999999999999778e-02 -4.699999999999999734e-01 9.200000000000000400e-01
5.999999999999999778e-02 -4.699999999999999734e-01 9.200000000000000400e-01
5.999999999999999778e-02 -4.799999999999999822e-01 9.300000000000000488e-01
5.999999999999999778e-02 -4.799999999999999822e-01 9.100000000000000311e-01
5.000000000000000278e-02 -5.000000000000000000e-01 9.399999999999999467e-01
5.000000000000000278e-02 -5.000000000000000000e-01 9.699999999999999734e-01
5.000000000000000278e-02 -4.699999999999999734e-01 9.300000000000000488e-01
5.000000000000000278e-02 -4.799999999999999822e-01 9.300000000000000488e-01
5.000000000000000278e-02 -4.699999999999999734e-01 9.499999999999999556e-01
5.000000000000000278e-02 -4.699999999999999734e-01 9.699999999999999734e-01
5.000000000000000278e-02 -4.500000000000000111e-01 9.399999999999999467e-01
5.000000000000000278e-02 -4.799999999999999822e-01 9.399999999999999467e-01
5.000000000000000278e-02 -4.600000000000000200e-01 9.300000000000000488e-01
5.000000000000000278e-02 -4.699999999999999734e-01 9.399999999999999467e-01
5.000000000000000278e-02 -4.899999999999999911e-01 9.399999999999999467e-01
5.000000000000000278e-02 -4.899999999999999911e-01 9.300000000000000488e-01
5.000000000000000278e-02 -4.699999999999999734e-01 9.100000000000000311e-01
5.000000000000000278e-02 -4.899999999999999911e-01 9.200000000000000400e-01
4.000000000000000083e-02 -4.600000000000000200e-01 9.300000000000000488e-01
5.000000000000000278e-02 -5.000000000000000000e-01 9.399999999999999467e-01
5.000000000000000278e-02 -4.699999999999999734e-01 9.200000000000000400e-01
5.999999999999999778e-02 -4.600000000000000200e-01 9.300000000000000488e-01
5.999999999999999778e-02 -4.699999999999999734e-01 9.399999999999999467e-01
5.000000000000000278e-02 -4.799999999999999822e-01 9.399999999999999467e-01
5.000000000000000278e-02 -4.799999999999999822e-01 9.300000000000000488e-01
5.000000000000000278e-02 -4.799999999999999822e-01 9.399999999999999467e-01
5.000000000000000278e-02 -4.600000000000000200e-01 9.399999999999999467e-01
5.999999999999999778e-02 -4.600000000000000200e-01 9.399999999999999467e-01
5.999999999999999778e-02 -4.899999999999999911e-01 9.300000000000000488e-01
5.999999999999999778e-02 -5.000000000000000000e-01 9.300000000000000488e-01
5.000000000000000278e-02 -4.799999999999999822e-01 9.100000000000000311e-01
5.999999999999999778e-02 -4.799999999999999822e-01 9.100000000000000311e-01
5.999999999999999778e-02 -4.899999999999999911e-01 9.100000000000000311e-01
5.000000000000000278e-02 -4.899999999999999911e-01 9.200000000000000400e-01
5.999999999999999778e-02 -4.799999999999999822e-01 9.200000000000000400e-01
5.999999999999999778e-02 -4.899999999999999911e-01 9.100000000000000311e-01
5.999999999999999778e-02 -4.699999999999999734e-01 9.100000000000000311e-01
7.000000000000000666e-02 -4.799999999999999822e-01 8.900000000000000133e-01
7.000000000000000666e-02 -4.799999999999999822e-01 9.200000000000000400e-01
5.999999999999999778e-02 -4.699999999999999734e-01 9.200000000000000400e-01
5.999999999999999778e-02 -4.799999999999999822e-01 9.300000000000000488e-01
5.999999999999999778e-02 -4.699999999999999734e-01 9.200000000000000400e-01
5.999999999999999778e-02 -4.600000000000000200e-01 9.100000000000000311e-01
5.999999999999999778e-02 -4.799999999999999822e-01 9.300000000000000488e-01
5.999999999999999778e-02 -4.899999999999999911e-01 9.300000000000000488e-01
5.999999999999999778e-02 -4.899999999999999911e-01 9.200000000000000400e-01
5.000000000000000278e-02 -5.100000000000000089e-01 9.200000000000000400e-01
5.000000000000000278e-02 -4.799999999999999822e-01 9.200000000000000400e-01
5.000000000000000278e-02 -5.300000000000000266e-01 9.300000000000000488e-01
5.000000000000000278e-02 -4.899999999999999911e-01 9.200000000000000400e-01
5.000000000000000278e-02 -5.100000000000000089e-01 9.300000000000000488e-01
5.999999999999999778e-02 -5.100000000000000089e-01 9.200000000000000400e-01
5.999999999999999778e-02 -5.200000000000000178e-01 9.100000000000000311e-01
