-4.299999999999999933e-01 -1.700000000000000122e-01 9.599999999999999645e-01
-4.299999999999999933e-01 -1.900000000000000022e-01 9.799999999999999822e-01
-4.400000000000000022e-01 -2.000000000000000111e-01 9.799999999999999822e-01
-4.299999999999999933e-01 -1.900000000000000022e-01 9.499999999999999556e-01
-4.299999999999999933e-01 -2.000000000000000111e-01 9.399999999999999467e-01
-4.299999999999999933e-01 -1.700000000000000122e-01 9.399999999999999467e-01
-4.199999999999999845e-01 -2.000000000000000111e-01 9.599999999999999645e-01
-4.199999999999999845e-01 -1.799999999999999933e-01 9.300000000000000488e-01
-4.199999999999999845e-01 -1.700000000000000122e-01 9.399999999999999467e-01
-4.099999999999999756e-01 -1.799999999999999933e-01 9.200000000000000400e-01
-4.099999999999999756e-01 -1.499999999999999944e-01 8.900000000000000133e-01
-4.199999999999999845e-01 -1.799999999999999933e-01 9.399999999999999467e-01
-4.199999999999999845e-01 -1.900000000000000022e-01 9.799999999999999822e-01
-4.199999999999999845e-01 -1.900000000000000022e-01 9.799999999999999822e-01
-4.299999999999999933e-01 -1.700000000000000122e-01 9.599999999999999645e-01
-4.299999999999999933e-01 -1.400000000000000133e-01 9.399999999999999467e-01
-4.199999999999999845e-01 -2.000000000000000111e-01 9.300000000000000488e-01
-4.199999999999999845e-01 -2.300000000000000100e-01 9.499999999999999556e-01
-4.299999999999999933e-01 -2.099999999999999922e-01 9.699999999999999734e-01
-4.299999999999999933e-01 -1.499999999999999944e-01 9.000000000000000222e-01
-4.199999999999999845e-01 -1.600000000000000033e-01 9.300000000000000488e-01
-4.299999999999999933e-01 -2.200000000000000011e-01 9.399999999999999467e-01
-4.199999999999999845e-01 -2.000000000000000111e-01 1.000000000000000000e+00
-4.199999999999999845e-01 -2.600000000000000089e-01 1.000000000000000000e+00
-4.400000000000000022e-01 -2.999999999999999889e-01 1.120000000000000107e+00
-5.400000000000000355e-01 -2.899999999999999800e-01 1.419999999999999929e+00
-6.500000000000000222e-01 -5.999999999999999778e-02 1.419999999999999929e+00
-6.899999999999999467e-01 1.600000000000000033e-01 1.360000000000000098e+00
-6.099999999999999867e-01 1.000000000000000056e-01 1.370000000000000107e+00
-5.799999999999999600e-01 -2.899999999999999800e-01 1.489999999999999991e+00
-5.600000000000000533e-01 -3.900000000000000133e-01 1.439999999999999947e+00
-5.300000000000000266e-01 -2.800000000000000266e-01 1.360000000000000098e+00
-6.400000000000000133e-01 -2.399999999999999911e-01 1.370000000000000107e+00
-5.200000000000000178e-01 -3.900000000000000133e-01 1.350000000000000089e+00
-5.200000000000000178e-01 -3.900000000000000133e-01 1.280000000000000027e+00
-5.999999999999999778e-01 -4.699999999999999734e-01 1.429999999999999938e+00
-5.100000000000000089e-01 -4.699999999999999734e-01 1.270000000000000018e+00
-4.699999999999999734e-01 -2.399999999999999911e-01 1.239999999999999991e+00
-4.400000000000000022e-01 -2.200000000000000011e-01 1.209999999999999964e+00
-3.599999999999999867e-01 -8.000000000000000167e-02 9.000000000000000222e-01
-2.700000000000000178e-01 -1.600000000000000033e-01 9.699999999999999734e-01
-2.399999999999999911e-01 -2.700000000000000178e-01 1.060000000000000053e+00
-1.700000000000000122e-01 -1.900000000000000022e-01 9.300000000000000488e-01
-1.600000000000000033e-01 -1.600000000000000033e-01 1.020000000000000018e+00
-1.600000000000000033e-01 -2.300000000000000100e-01 1.060000000000000053e+00
-1.400000000000000133e-01 -4.000000000000000083e-02 9.599999999999999645e-01
-8.999999999999999667e-02 1.600000000000000033e-01 9.100000000000000311e-01
-0.000000000000000000e+00 4.000000000000000083e-02 6.400000000000000133e-01
5.999999999999999778e-02 -1.000000000000000056e-01 7.299999999999999822e-01
1.000000000000000056e-01 -1.400000000000000133e-01 9.200000000000000400e-01
8.000000000000000167e-02 -1.400000000000000133e-01 9.699999999999999734e-01
5.000000000000000278e-02 7.000000000000000666e-02 7.900000000000000355e-01
4.000000000000000083e-02 3.300000000000000155e-01 5.999999999999999778e-01
1.300000000000000044e-01 1.199999999999999956e-01 3.499999999999999778e-01
2.600000000000000089e-01 -2.999999999999999889e-02 5.400000000000000355e-01
3.800000000000000044e-01 -1.799999999999999933e-01 6.800000000000000488e-01
4.099999999999999756e-01 -1.900000000000000022e-01 7.700000000000000178e-01
